0.6269999859854579
0.5309999881312251
0.557499987538904
0.8739999804645777
1.087999975681305
1.2919999711215495
1.4739999670535326
1.8789999580010772
1.6714999626390636
2.9784999334253373
3.5709999201819302
4.6004998971708115
5.795999870449305
4.597499897237867
6.368999857641756
6.290499859396368
6.5309998540207745
7.977999821677804
8.878999801538885
9.970999777130782
9.156499795336277
10.113999773934484
11.607499740552157
11.70849973829463
12.052499730605632
13.743499692808836
14.331499679666013
15.195999660342931
14.720999670960008
14.747499670367688
16.09899964015931
13.781499691959471
14.767499669920653
14.699499671440572
15.433999655023218
16.920999621786176
15.523499653022736
15.852999645657837
14.745999670401215
16.64149962803349
15.306999657861889
16.22249963739887
17.921999599412082
17.392999611236156
17.386499611381442
19.18699957113713
18.803999579697848
18.871999578177928
17.18649961585179
19.898499555233865
20.35699954498559
17.75049960324541
20.133499549981206
17.07399961836636
19.320999568141996
20.66649953806773
20.812499534804374
22.071999506652354
20.96549953138456
21.15799952708185
21.28449952425435
21.148499527294188
22.392999499477448
21.708499514777213
22.359999500215054
21.105499528255315
21.213499525841325
21.21399952583015
19.491999564319848
20.971499531250448
20.306999546103178
20.162499549333006
22.25449950257316
21.263499524723738
19.130999572388827
23.167499482166022
19.352999567426743
20.85949953375384
23.754999469034374
24.547999451309444
23.15149948252365
21.739999514073133
26.224499413836746
22.610499494615944
23.35499947797507
24.444999453611672
22.770499491039665
24.515999452024698
26.076999417133628
26.90899939853698
26.186999414674936
23.95099946465343
27.504999385215342
26.755999401956796
27.097999394312502
27.687999381124975
27.688499381113797
27.659999381750822
28.512999362684788
29.65199933722615
27.222999391518535
29.864499332476406
30.566499316785485
30.625499315466733
29.021499351318926
30.33799932189286
29.580499338824303
27.99999937415123
30.61049931580201
31.809499289002268
31.224999302066863
30.169499325659125
30.836499310750515
32.64999927021563
33.23949925703928
30.89649930940941
30.55749931698665
30.73199931308627
28.392999365366997
28.629499360080807
28.120499371457846
31.361999299004673
31.251499301474542
29.849999332800508
29.592999338544907
30.048499328363686
29.309499344881623
30.055499328207226
28.86699935477227
27.288499390054493
28.41449936488643
29.355999343842267
31.12649930426851
30.463499319087713
32.128999281860885
29.36799934357405
30.35999932140112
31.0869993051514
32.975999262928966
34.57999922707677
30.691499313991518
32.50899927336722
33.836499243695286
33.71699924636632
31.94649928594008
35.3369992101565
31.9634992855601
31.437499297317117
27.81349937831983
30.967499307822436
31.533999295160175
32.496999273635446
33.97699924055487
31.699999291449785
30.84199931062758
31.7769992897287
29.29949934510514
36.27299918923527
35.67849920252338
35.98099919576198
35.95149919642135
36.636999181099235
33.70799924656749
34.90349921984598
35.34699920993298
33.96849924074486
35.66899920273572
35.063499216269705
37.31699916590005
33.85799924321473
35.40899920854717
31.994499284867196
34.07099923845381
35.939499196689574
35.88449919791892
