0.840499981213361
0.7904999823309481
0.7364999835379422
1.0669999761506914
2.2824999489821494
2.6564999406225978
3.4574999227188528
3.28399992659688
5.431999878585339
6.911999845504761
8.128499818313866
8.179499817173928
9.625499784853309
10.944499755371362
12.270999725721776
13.531499697547407
13.457499699201435
15.912499644327909
17.597499606665224
15.787499647121876
16.56199962981045
15.69949964908883
16.410999633185565
18.827999579161407
19.54649956310168
18.912499577272683
19.16999957151711
20.389999544247985
20.682999537698926
19.753499558474868
21.819999512284994
21.00349953053519
21.004499530512838
21.581499517615885
21.36899952236563
19.237999569997193
19.97399955354631
19.36749956710264
17.16849961625412
18.36249958956614
16.05199964120984
18.970999575965106
17.74849960329011
15.970499643031507
18.134499594662337
16.191499638091774
14.692499671597034
17.419499610643832
15.445499654766172
16.460999632067978
18.090499595645817
15.129999661818147
14.003999686986209
13.667999694496393
15.585499651636928
15.681499649491162
13.102499707136303
19.059499573986976
14.505499675776809
15.344999657012522
15.81099964659661
18.353499589767306
18.359499589633195
18.340999590046703
20.486499542091043
22.758499491307884
23.67949947072193
22.588999495096505
22.96999948658049
22.253499502595513
26.248499413300305
22.084999506361783
25.183999437093735
25.07199943959713
26.083999416977168
28.640999359823763
28.97849935228005
26.1944994145073
27.48049938576296
25.15049943784252
30.098999327234925
31.475999296456575
32.746499268058685
31.65549929244444
28.821499355789275
31.811499288957567
32.292999278195204
34.369999231770635
35.17799921371043
35.07749921595678
34.65599922537804
34.63699922580272
34.82899922151118
34.88349922029302
37.179499168973415
36.9574991739355
38.167499146889895
38.43949914081022
37.32049916582182
34.970499218348415
34.43599923029542
34.3029992332682
36.45449918517843
36.51049918392673
35.36699920948595
34.08649923810735
33.51649925084784
36.081499193515626
35.397999208793046
34.77149922279641
32.50299927350134
33.798999244533476
35.55649920525029
33.81549924416468
36.17099919151515
37.07799917124212
34.29149923352524
36.67999918013811
33.22099925745279
35.706999201886354
30.579999316483736
34.13149923710152
35.63849920341745
30.836499310750515
33.36449925424531
29.078499350044876
33.137499259319156
29.48849934088066
34.019999239593744
34.42999923042953
34.78599922247231
31.800499289203437
26.315999411791562
33.24399925693869
27.87199937701225
26.448499408829957
31.890999287180602
29.018999351374806
34.46649922961369
29.5099993404001
26.725499402638526
29.49899934064597
30.469499318953602
34.34199923239648
28.261999368295072
29.776999334432183
35.51999920606613
32.31049927780405
33.56799924969673
35.434499207977204
36.3544991874136
36.37899918686598
31.579999294131994
